date	ouv	haut	bas	clot	vol	devise	
01/10/2019 00:00	-0.549	-0.549	-0.549	-0.549	0		
02/10/2019 00:00	-0.551	-0.551	-0.551	-0.551	0		
03/10/2019 00:00	-0.555	-0.555	-0.555	-0.555	0		
04/10/2019 00:00	-0.553	-0.553	-0.553	-0.553	0		
07/10/2019 00:00	-0.554	-0.554	-0.554	-0.554	0		
08/10/2019 00:00	-0.552	-0.552	-0.552	-0.552	0		
09/10/2019 00:00	-0.552	-0.552	-0.552	-0.552	0		
10/10/2019 00:00	-0.552	-0.552	-0.552	-0.552	0		
11/10/2019 00:00	-0.55	-0.55	-0.55	-0.55	0		
14/10/2019 00:00	-0.549	-0.549	-0.549	-0.549	0		
15/10/2019 00:00	-0.551	-0.551	-0.551	-0.551	0		
16/10/2019 00:00	-0.548	-0.548	-0.548	-0.548	0		
17/10/2019 00:00	-0.548	-0.548	-0.548	-0.548	0		
18/10/2019 00:00	-0.547	-0.547	-0.547	-0.547	0		
21/10/2019 00:00	-0.549	-0.549	-0.549	-0.549	0		
22/10/2019 00:00	-0.548	-0.548	-0.548	-0.548	0		
23/10/2019 00:00	-0.547	-0.547	-0.547	-0.547	0		
24/10/2019 00:00	-0.548	-0.548	-0.548	-0.548	0		
25/10/2019 00:00	-0.548	-0.548	-0.548	-0.548	0		
28/10/2019 00:00	-0.548	-0.548	-0.548	-0.548	0		
29/10/2019 00:00	-0.545	-0.545	-0.545	-0.545	0		
30/10/2019 00:00	-0.545	-0.545	-0.545	-0.545	0		
31/10/2019 00:00	-0.543	-0.543	-0.543	-0.543	0		
01/11/2019 00:00	-0.549	-0.549	-0.549	-0.549	0		
04/11/2019 00:00	-0.536	-0.536	-0.536	-0.536	0		
05/11/2019 00:00	-0.541	-0.541	-0.541	-0.541	0		
06/11/2019 00:00	-0.539	-0.539	-0.539	-0.539	0		
07/11/2019 00:00	-0.537	-0.537	-0.537	-0.537	0		
08/11/2019 00:00	-0.54	-0.54	-0.54	-0.54	0		
11/11/2019 00:00	-0.541	-0.541	-0.541	-0.541	0		
12/11/2019 00:00	-0.537	-0.537	-0.537	-0.537	0		
13/11/2019 00:00	-0.531	-0.531	-0.531	-0.531	0		
14/11/2019 00:00	-0.536	-0.536	-0.536	-0.536	0		
18/11/2019 00:00	-0.541	-0.541	-0.541	-0.541	0		
19/11/2019 00:00	-0.542	-0.542	-0.542	-0.542	0		
20/11/2019 00:00	-0.511	-0.511	-0.511	-0.511	0		
21/11/2019 00:00	-0.542	-0.542	-0.542	-0.542	0		
22/11/2019 00:00	-0.536	-0.536	-0.536	-0.536	0		
25/11/2019 00:00	-0.533	-0.533	-0.533	-0.533	0		
26/11/2019 00:00	-0.533	-0.533	-0.533	-0.533	0		
27/11/2019 00:00	-0.533	-0.533	-0.533	-0.533	0		
28/11/2019 00:00	-0.531	-0.531	-0.531	-0.531	0		
29/11/2019 00:00	-0.532	-0.532	-0.532	-0.532	0		
02/12/2019 00:00	-0.541	-0.541	-0.541	-0.541	0		
03/12/2019 00:00	-0.539	-0.539	-0.539	-0.539	0		
04/12/2019 00:00	-0.54	-0.54	-0.54	-0.54	0		
05/12/2019 00:00	-0.54	-0.54	-0.54	-0.54	0		
06/12/2019 00:00	-0.541	-0.541	-0.541	-0.541	0		
09/12/2019 00:00	-0.541	-0.541	-0.541	-0.541	0		
10/12/2019 00:00	-0.544	-0.544	-0.544	-0.544	0		
11/12/2019 00:00	-0.544	-0.544	-0.544	-0.544	0		
12/12/2019 00:00	-0.544	-0.544	-0.544	-0.544	0		
13/12/2019 00:00	-0.543	-0.543	-0.543	-0.543	0		
16/12/2019 00:00	-0.543	-0.543	-0.543	-0.543	0		
17/12/2019 00:00	-0.536	-0.536	-0.536	-0.536	0		
18/12/2019 00:00	-0.54	-0.54	-0.54	-0.54	0		
19/12/2019 00:00	-0.54	-0.54	-0.54	-0.54	0		
20/12/2019 00:00	-0.54	-0.54	-0.54	-0.54	0		
23/12/2019 00:00	-0.545	-0.545	-0.545	-0.545	0		
24/12/2019 00:00	-0.549	-0.549	-0.549	-0.549	0		
27/12/2019 00:00	-0.542	-0.542	-0.542	-0.542	0		
30/12/2019 00:00	-0.541	-0.541	-0.541	-0.541	0		
31/12/2019 00:00	-0.531	-0.531	-0.531	-0.531	0		
02/01/2020 00:00	-0.539	-0.539	-0.539	-0.539	0		
03/01/2020 00:00	-0.537	-0.537	-0.537	-0.537	0		
06/01/2020 00:00	-0.539	-0.539	-0.539	-0.539	0		
07/01/2020 00:00	-0.54	-0.54	-0.54	-0.54	0		
08/01/2020 00:00	-0.536	-0.536	-0.536	-0.536	0		
09/01/2020 00:00	-0.539	-0.539	-0.539	-0.539	0		
10/01/2020 00:00	-0.538	-0.538	-0.538	-0.538	0		
13/01/2020 00:00	-0.537	-0.537	-0.537	-0.537	0		
14/01/2020 00:00	-0.538	-0.538	-0.538	-0.538	0		
15/01/2020 00:00	-0.538	-0.538	-0.538	-0.538	0		
16/01/2020 00:00	-0.536	-0.536	-0.536	-0.536	0		
17/01/2020 00:00	-0.537	-0.537	-0.537	-0.537	0		
20/01/2020 00:00	-0.538	-0.538	-0.538	-0.538	0		
21/01/2020 00:00	-0.535	-0.535	-0.535	-0.535	0		
22/01/2020 00:00	-0.536	-0.536	-0.536	-0.536	0		
23/01/2020 00:00	-0.537	-0.537	-0.537	-0.537	0		
24/01/2020 00:00	-0.537	-0.537	-0.537	-0.537	0		
27/01/2020 00:00	-0.538	-0.538	-0.538	-0.538	0		
28/01/2020 00:00	-0.536	-0.536	-0.536	-0.536	0		
29/01/2020 00:00	-0.54	-0.54	-0.54	-0.54	0		
30/01/2020 00:00	-0.539	-0.539	-0.539	-0.539	0		
31/01/2020 00:00	-0.539	-0.539	-0.539	-0.539	0		
03/02/2020 00:00	-0.537	-0.537	-0.537	-0.537	0		
04/02/2020 00:00	-0.536	-0.536	-0.536	-0.536	0		
05/02/2020 00:00	-0.536	-0.536	-0.536	-0.536	0		
06/02/2020 00:00	-0.535	-0.535	-0.535	-0.535	0		
07/02/2020 00:00	-0.537	-0.537	-0.537	-0.537	0		
10/02/2020 00:00	-0.537	-0.537	-0.537	-0.537	0		
11/02/2020 00:00	-0.541	-0.541	-0.541	-0.541	0		
12/02/2020 00:00	-0.541	-0.541	-0.541	-0.541	0		
13/02/2020 00:00	-0.54	-0.54	-0.54	-0.54	0		
14/02/2020 00:00	-0.538	-0.538	-0.538	-0.538	0		
17/02/2020 00:00	-0.541	-0.541	-0.541	-0.541	0		
18/02/2020 00:00	-0.536	-0.536	-0.536	-0.536	0		
19/02/2020 00:00	-0.538	-0.538	-0.538	-0.538	0		
20/02/2020 00:00	-0.538	-0.538	-0.538	-0.538	0		
21/02/2020 00:00	-0.539	-0.539	-0.539	-0.539	0		
24/02/2020 00:00	-0.54	-0.54	-0.54	-0.54	0		
25/02/2020 00:00	-0.539	-0.539	-0.539	-0.539	0		
26/02/2020 00:00	-0.539	-0.539	-0.539	-0.539	0		
27/02/2020 00:00	-0.538	-0.538	-0.538	-0.538	0		
28/02/2020 00:00	-0.54	-0.54	-0.54	-0.54	0		
02/03/2020 00:00	-0.542	-0.542	-0.542	-0.542	0		
03/03/2020 00:00	-0.542	-0.542	-0.542	-0.542	0		
04/03/2020 00:00	-0.541	-0.541	-0.541	-0.541	0		
05/03/2020 00:00	-0.54	-0.54	-0.54	-0.54	0		
06/03/2020 00:00	-0.541	-0.541	-0.541	-0.541	0		
09/03/2020 00:00	-0.539	-0.539	-0.539	-0.539	0		
10/03/2020 00:00	-0.541	-0.541	-0.541	-0.541	0		
11/03/2020 00:00	-0.543	-0.543	-0.543	-0.543	0		
12/03/2020 00:00	-0.54	-0.54	-0.54	-0.54	0		
13/03/2020 00:00	-0.541	-0.541	-0.541	-0.541	0		
16/03/2020 00:00	-0.536	-0.536	-0.536	-0.536	0		
17/03/2020 00:00	-0.531	-0.531	-0.531	-0.531	0		
18/03/2020 00:00	-0.529	-0.529	-0.529	-0.529	0		
19/03/2020 00:00	-0.526	-0.526	-0.526	-0.526	0		
20/03/2020 00:00	-0.524	-0.524	-0.524	-0.524	0		
23/03/2020 00:00	-0.525	-0.525	-0.525	-0.525	0		
24/03/2020 00:00	-0.527	-0.527	-0.527	-0.527	0		
25/03/2020 00:00	-0.527	-0.527	-0.527	-0.527	0		
26/03/2020 00:00	-0.529	-0.529	-0.529	-0.529	0		
27/03/2020 00:00	-0.53	-0.53	-0.53	-0.53	0		
30/03/2020 00:00	-0.528	-0.528	-0.528	-0.528	0		
31/03/2020 00:00	-0.522	-0.522	-0.522	-0.522	0		
01/04/2020 00:00	-0.527	-0.527	-0.527	-0.527	0		
02/04/2020 00:00	-0.534	-0.534	-0.534	-0.534	0		
03/04/2020 00:00	-0.539	-0.539	-0.539	-0.539	0		
06/04/2020 00:00	-0.533	-0.533	-0.533	-0.533	0		
07/04/2020 00:00	-0.533	-0.533	-0.533	-0.533	0		
08/04/2020 00:00	-0.535	-0.535	-0.535	-0.535	0		
09/04/2020 00:00	-0.536	-0.536	-0.536	-0.536	0		
14/04/2020 00:00	-0.534	-0.534	-0.534	-0.534	0		
15/04/2020 00:00	-0.535	-0.535	-0.535	-0.535	0		
16/04/2020 00:00	-0.534	-0.534	-0.534	-0.534	0		
17/04/2020 00:00	-0.538	-0.538	-0.538	-0.538	0		
20/04/2020 00:00	-0.541	-0.541	-0.541	-0.541	0		
21/04/2020 00:00	-0.541	-0.541	-0.541	-0.541	0		
22/04/2020 00:00	-0.539	-0.539	-0.539	-0.539	0		
23/04/2020 00:00	-0.539	-0.539	-0.539	-0.539	0		
24/04/2020 00:00	-0.539	-0.539	-0.539	-0.539	0		
27/04/2020 00:00	-0.539	-0.539	-0.539	-0.539	0		
28/04/2020 00:00	-0.541	-0.541	-0.541	-0.541	0		
29/04/2020 00:00	-0.543	-0.543	-0.543	-0.543	0		
30/04/2020 00:00	-0.531	-0.531	-0.531	-0.531	0		
04/05/2020 00:00	-0.543	-0.543	-0.543	-0.543	0		
05/05/2020 00:00	-0.539	-0.539	-0.539	-0.539	0		
06/05/2020 00:00	-0.542	-0.542	-0.542	-0.542	0		
07/05/2020 00:00	-0.541	-0.541	-0.541	-0.541	0		
08/05/2020 00:00	-0.541	-0.541	-0.541	-0.541	0		
11/05/2020 00:00	-0.544	-0.544	-0.544	-0.544	0		
12/05/2020 00:00	-0.543	-0.543	-0.543	-0.543	0		
13/05/2020 00:00	-0.542	-0.542	-0.542	-0.542	0		
14/05/2020 00:00	-0.541	-0.541	-0.541	-0.541	0		
15/05/2020 00:00	-0.543	-0.543	-0.543	-0.543	0		
18/05/2020 00:00	-0.542	-0.542	-0.542	-0.542	0		
19/05/2020 00:00	-0.542	-0.542	-0.542	-0.542	0		
20/05/2020 00:00	-0.545	-0.545	-0.545	-0.545	0		
21/05/2020 00:00	-0.545	-0.545	-0.545	-0.545	0		
22/05/2020 00:00	-0.539	-0.539	-0.539	-0.539	0		
25/05/2020 00:00	-0.54	-0.54	-0.54	-0.54	0		
26/05/2020 00:00	-0.541	-0.541	-0.541	-0.541	0		
27/05/2020 00:00	-0.541	-0.541	-0.541	-0.541	0		
28/05/2020 00:00	-0.541	-0.541	-0.541	-0.541	0		
29/05/2020 00:00	-0.54	-0.54	-0.54	-0.54	0		
01/06/2020 00:00	-0.546	-0.546	-0.546	-0.546	0		
02/06/2020 00:00	-0.542	-0.542	-0.542	-0.542	0		
03/06/2020 00:00	-0.543	-0.543	-0.543	-0.543	0		
04/06/2020 00:00	-0.545	-0.545	-0.545	-0.545	0		
05/06/2020 00:00	-0.544	-0.544	-0.544	-0.544	0		
08/06/2020 00:00	-0.547	-0.547	-0.547	-0.547	0		
09/06/2020 00:00	-0.542	-0.542	-0.542	-0.542	0		
10/06/2020 00:00	-0.548	-0.548	-0.548	-0.548	0		
11/06/2020 00:00	-0.547	-0.547	-0.547	-0.547	0		
12/06/2020 00:00	-0.546	-0.546	-0.546	-0.546	0		
15/06/2020 00:00	-0.547	-0.547	-0.547	-0.547	0		
16/06/2020 00:00	-0.546	-0.546	-0.546	-0.546	0		
17/06/2020 00:00	-0.544	-0.544	-0.544	-0.544	0		
18/06/2020 00:00	-0.544	-0.544	-0.544	-0.544	0		
19/06/2020 00:00	-0.546	-0.546	-0.546	-0.546	0		
22/06/2020 00:00	-0.545	-0.545	-0.545	-0.545	0		
23/06/2020 00:00	-0.544	-0.544	-0.544	-0.544	0		
24/06/2020 00:00	-0.546	-0.546	-0.546	-0.546	0		
25/06/2020 00:00	-0.547	-0.547	-0.547	-0.547	0		
26/06/2020 00:00	-0.547	-0.547	-0.547	-0.547	0		
29/06/2020 00:00	-0.545	-0.545	-0.545	-0.545	0		
30/06/2020 00:00	-0.555	-0.555	-0.555	-0.555	0		
01/07/2020 00:00	-0.548	-0.548	-0.548	-0.548	0		
02/07/2020 00:00	-0.548	-0.548	-0.548	-0.548	0		
03/07/2020 00:00	-0.549	-0.549	-0.549	-0.549	0		
06/07/2020 00:00	-0.55	-0.55	-0.55	-0.55	0		
07/07/2020 00:00	-0.55	-0.55	-0.55	-0.55	0		
08/07/2020 00:00	-0.549	-0.549	-0.549	-0.549	0		
09/07/2020 00:00	-0.549	-0.549	-0.549	-0.549	0		
10/07/2020 00:00	-0.549	-0.549	-0.549	-0.549	0		
13/07/2020 00:00	-0.552	-0.552	-0.552	-0.552	0		
14/07/2020 00:00	-0.551	-0.551	-0.551	-0.551	0		
15/07/2020 00:00	-0.551	-0.551	-0.551	-0.551	0		
16/07/2020 00:00	-0.541	-0.541	-0.541	-0.541	0		
17/07/2020 00:00	-0.551	-0.551	-0.551	-0.551	0		
20/07/2020 00:00	-0.551	-0.551	-0.551	-0.551	0		
21/07/2020 00:00	-0.549	-0.549	-0.549	-0.549	0		
22/07/2020 00:00	-0.55	-0.55	-0.55	-0.55	0		
23/07/2020 00:00	-0.55	-0.55	-0.55	-0.55	0		
24/07/2020 00:00	-0.551	-0.551	-0.551	-0.551	0		
27/07/2020 00:00	-0.552	-0.552	-0.552	-0.552	0		
28/07/2020 00:00	-0.551	-0.551	-0.551	-0.551	0		
29/07/2020 00:00	-0.553	-0.553	-0.553	-0.553	0		
30/07/2020 00:00	-0.552	-0.552	-0.552	-0.552	0		
31/07/2020 00:00	-0.55	-0.55	-0.55	-0.55	0		
03/08/2020 00:00	-0.552	-0.552	-0.552	-0.552	0		
04/08/2020 00:00	-0.551	-0.551	-0.551	-0.551	0		
05/08/2020 00:00	-0.552	-0.552	-0.552	-0.552	0		
06/08/2020 00:00	-0.553	-0.553	-0.553	-0.553	0		
07/08/2020 00:00	-0.553	-0.553	-0.553	-0.553	0		
10/08/2020 00:00	-0.554	-0.554	-0.554	-0.554	0		
11/08/2020 00:00	-0.552	-0.552	-0.552	-0.552	0		
12/08/2020 00:00	-0.552	-0.552	-0.552	-0.552	0		
13/08/2020 00:00	-0.552	-0.552	-0.552	-0.552	0		
14/08/2020 00:00	-0.549	-0.549	-0.549	-0.549	0		
17/08/2020 00:00	-0.553	-0.553	-0.553	-0.553	0		
18/08/2020 00:00	-0.554	-0.554	-0.554	-0.554	0		
19/08/2020 00:00	-0.553	-0.553	-0.553	-0.553	0		
20/08/2020 00:00	-0.553	-0.553	-0.553	-0.553	0		
21/08/2020 00:00	-0.554	-0.554	-0.554	-0.554	0		
24/08/2020 00:00	-0.552	-0.552	-0.552	-0.552	0		
25/08/2020 00:00	-0.553	-0.553	-0.553	-0.553	0		
26/08/2020 00:00	-0.554	-0.554	-0.554	-0.554	0		
27/08/2020 00:00	-0.552	-0.552	-0.552	-0.552	0		
28/08/2020 00:00	-0.552	-0.552	-0.552	-0.552	0		
31/08/2020 00:00	-0.557	-0.557	-0.557	-0.557	0		
01/09/2020 00:00	-0.554	-0.554	-0.554	-0.554	0		
02/09/2020 00:00	-0.555	-0.555	-0.555	-0.555	0		
03/09/2020 00:00	-0.551	-0.551	-0.551	-0.551	0		
04/09/2020 00:00	-0.552	-0.552	-0.552	-0.552	0		
07/09/2020 00:00	-0.551	-0.551	-0.551	-0.551	0		
08/09/2020 00:00	-0.553	-0.553	-0.553	-0.553	0		
09/09/2020 00:00	-0.554	-0.554	-0.554	-0.554	0		
10/09/2020 00:00	-0.554	-0.554	-0.554	-0.554	0		
11/09/2020 00:00	-0.553	-0.553	-0.553	-0.553	0		
14/09/2020 00:00	-0.555	-0.555	-0.555	-0.555	0		
15/09/2020 00:00	-0.551	-0.551	-0.551	-0.551	0		
16/09/2020 00:00	-0.556	-0.556	-0.556	-0.556	0		
17/09/2020 00:00	-0.553	-0.553	-0.553	-0.553	0		
18/09/2020 00:00	-0.552	-0.552	-0.552	-0.552	0		
21/09/2020 00:00	-0.552	-0.552	-0.552	-0.552	0		
22/09/2020 00:00	-0.552	-0.552	-0.552	-0.552	0		
23/09/2020 00:00	-0.551	-0.551	-0.551	-0.551	0		
24/09/2020 00:00	-0.553	-0.553	-0.553	-0.553	0		
25/09/2020 00:00	-0.554	-0.554	-0.554	-0.554	0		
28/09/2020 00:00	-0.555	-0.555	-0.555	-0.555	0		
29/09/2020 00:00	-0.556	-0.556	-0.556	-0.556	0		
30/09/2020 00:00	-0.57	-0.57	-0.57	-0.57	0		
01/10/2020 00:00	-0.558	-0.558	-0.558	-0.558	0		
02/10/2020 00:00	-0.555	-0.555	-0.555	-0.555	0		
05/10/2020 00:00	-0.555	-0.555	-0.555	-0.555	0		
06/10/2020 00:00	-0.556	-0.556	-0.556	-0.556	0		
07/10/2020 00:00	-0.555	-0.555	-0.555	-0.555	0		
08/10/2020 00:00	-0.553	-0.553	-0.553	-0.553	0		
09/10/2020 00:00	-0.553	-0.553	-0.553	-0.553	0		
12/10/2020 00:00	-0.556	-0.556	-0.556	-0.556	0		
13/10/2020 00:00	-0.555	-0.555	-0.555	-0.555	0		
14/10/2020 00:00	-0.556	-0.556	-0.556	-0.556	0		
15/10/2020 00:00	-0.556	-0.556	-0.556	-0.556	0		
16/10/2020 00:00	-0.553	-0.553	-0.553	-0.553	0		
19/10/2020 00:00	-0.553	-0.553	-0.553	-0.553	0		
20/10/2020 00:00	-0.553	-0.553	-0.553	-0.553	0		
21/10/2020 00:00	-0.552	-0.552	-0.552	-0.552	0		
22/10/2020 00:00	-0.554	-0.554	-0.554	-0.554	0		
23/10/2020 00:00	-0.553	-0.553	-0.553	-0.553	0		
26/10/2020 00:00	-0.552	-0.552	-0.552	-0.552	0		
27/10/2020 00:00	-0.554	-0.554	-0.554	-0.554	0		
28/10/2020 00:00	-0.555	-0.555	-0.555	-0.555	0		
29/10/2020 00:00	-0.552	-0.552	-0.552	-0.552	0		
30/10/2020 00:00	-0.557	-0.557	-0.557	-0.557	0		
02/11/2020 00:00	-0.555	-0.555	-0.555	-0.555	0		
03/11/2020 00:00	-0.553	-0.553	-0.553	-0.553	0		
04/11/2020 00:00	-0.558	-0.558	-0.558	-0.558	0		
05/11/2020 00:00	-0.556	-0.556	-0.556	-0.556	0		
06/11/2020 00:00	-0.558	-0.558	-0.558	-0.558	0		
09/11/2020 00:00	-0.558	-0.558	-0.558	-0.558	0		
10/11/2020 00:00	-0.557	-0.557	-0.557	-0.557	0		
11/11/2020 00:00	-0.558	-0.558	-0.558	-0.558	0		
12/11/2020 00:00	-0.548	-0.548	-0.548	-0.548	0		
13/11/2020 00:00	-0.556	-0.556	-0.556	-0.556	0		
16/11/2020 00:00	-0.558	-0.558	-0.558	-0.558	0		
17/11/2020 00:00	-0.557	-0.557	-0.557	-0.557	0		
18/11/2020 00:00	-0.557	-0.557	-0.557	-0.557	0		
19/11/2020 00:00	-0.557	-0.557	-0.557	-0.557	0		
20/11/2020 00:00	-0.557	-0.557	-0.557	-0.557	0		
23/11/2020 00:00	-0.557	-0.557	-0.557	-0.557	0		
24/11/2020 00:00	-0.556	-0.556	-0.556	-0.556	0		
25/11/2020 00:00	-0.554	-0.554	-0.554	-0.554	0		
26/11/2020 00:00	-0.556	-0.556	-0.556	-0.556	0		
27/11/2020 00:00	-0.557	-0.557	-0.557	-0.557	0		
30/11/2020 00:00	-0.56	-0.56	-0.56	-0.56	0		
01/12/2020 00:00	-0.557	-0.557	-0.557	-0.557	0		
02/12/2020 00:00	-0.556	-0.556	-0.556	-0.556	0		
03/12/2020 00:00	-0.556	-0.556	-0.556	-0.556	0		
04/12/2020 00:00	-0.555	-0.555	-0.555	-0.555	0		
07/12/2020 00:00	-0.555	-0.555	-0.555	-0.555	0		
08/12/2020 00:00	-0.559	-0.559	-0.559	-0.559	0		
09/12/2020 00:00	-0.556	-0.556	-0.556	-0.556	0		
10/12/2020 00:00	-0.556	-0.556	-0.556	-0.556	0		
11/12/2020 00:00	-0.557	-0.557	-0.557	-0.557	0		
14/12/2020 00:00	-0.558	-0.558	-0.558	-0.558	0		
15/12/2020 00:00	-0.551	-0.551	-0.551	-0.551	0		
16/12/2020 00:00	-0.557	-0.557	-0.557	-0.557	0		
17/12/2020 00:00	-0.556	-0.556	-0.556	-0.556	0		
21/12/2020 00:00	-0.557	-0.557	-0.557	-0.557	0		
22/12/2020 00:00	-0.558	-0.558	-0.558	-0.558	0		
23/12/2020 00:00	-0.559	-0.559	-0.559	-0.559	0		
28/12/2020 00:00	-0.553	-0.553	-0.553	-0.553	0		
29/12/2020 00:00	-0.557	-0.557	-0.557	-0.557	0		
30/12/2020 00:00	-0.555	-0.555	-0.555	-0.555	0		
04/01/2021 00:00	-0.566	-0.566	-0.566	-0.566	0		
05/01/2021 00:00	-0.563	-0.563	-0.563	-0.563	0		
06/01/2021 00:00	-0.566	-0.566	-0.566	-0.566	0		
07/01/2021 00:00	-0.565	-0.565	-0.565	-0.565	0		
11/01/2021 00:00	-0.564	-0.564	-0.564	-0.564	0		
12/01/2021 00:00	-0.563	-0.563	-0.563	-0.563	0		
13/01/2021 00:00	-0.562	-0.562	-0.562	-0.562	0		
14/01/2021 00:00	-0.564	-0.564	-0.564	-0.564	0		
18/01/2021 00:00	-0.565	-0.565	-0.565	-0.565	0		
19/01/2021 00:00	-0.564	-0.564	-0.564	-0.564	0		
20/01/2021 00:00	-0.564	-0.564	-0.564	-0.564	0		
21/01/2021 00:00	-0.562	-0.562	-0.562	-0.562	0		
25/01/2021 00:00	-0.564	-0.564	-0.564	-0.564	0		
26/01/2021 00:00	-0.558	-0.558	-0.558	-0.558	0		
27/01/2021 00:00	-0.563	-0.563	-0.563	-0.563	0		
28/01/2021 00:00	-0.561	-0.561	-0.561	-0.561	0		
01/02/2021 00:00	-0.566	-0.566	-0.566	-0.566	0		
02/02/2021 00:00	-0.564	-0.564	-0.564	-0.564	0		
03/02/2021 00:00	-0.558	-0.558	-0.558	-0.558	0		
04/02/2021 00:00	-0.564	-0.564	-0.564	-0.564	0		
08/02/2021 00:00	-0.563	-0.563	-0.563	-0.563	0		
09/02/2021 00:00	-0.564	-0.564	-0.564	-0.564	0		
10/02/2021 00:00	-0.564	-0.564	-0.564	-0.564	0		
11/02/2021 00:00	-0.565	-0.565	-0.565	-0.565	0		
15/02/2021 00:00	-0.563	-0.563	-0.563	-0.563	0		
16/02/2021 00:00	-0.564	-0.564	-0.564	-0.564	0		
17/02/2021 00:00	-0.563	-0.563	-0.563	-0.563	0		
18/02/2021 00:00	-0.562	-0.562	-0.562	-0.562	0		
22/02/2021 00:00	-0.564	-0.564	-0.564	-0.564	0		
23/02/2021 00:00	-0.565	-0.565	-0.565	-0.565	0		
24/02/2021 00:00	-0.564	-0.564	-0.564	-0.564	0		
25/02/2021 00:00	-0.564	-0.564	-0.564	-0.564	0		
01/03/2021 00:00	-0.563	-0.563	-0.563	-0.563	0		
02/03/2021 00:00	-0.565	-0.565	-0.565	-0.565	0		
03/03/2021 00:00	-0.565	-0.565	-0.565	-0.565	0		
04/03/2021 00:00	-0.565	-0.565	-0.565	-0.565	0		
08/03/2021 00:00	-0.558	-0.558	-0.558	-0.558	0		
09/03/2021 00:00	-0.56	-0.56	-0.56	-0.56	0		
10/03/2021 00:00	-0.562	-0.562	-0.562	-0.562	0		
11/03/2021 00:00	-0.561	-0.561	-0.561	-0.561	0		
15/03/2021 00:00	-0.564	-0.564	-0.564	-0.564	0		
16/03/2021 00:00	-0.562	-0.562	-0.562	-0.562	0		
17/03/2021 00:00	-0.561	-0.561	-0.561	-0.561	0		
18/03/2021 00:00	-0.566	-0.566	-0.566	-0.566	0		
22/03/2021 00:00	-0.566	-0.566	-0.566	-0.566	0		
23/03/2021 00:00	-0.563	-0.563	-0.563	-0.563	0		
24/03/2021 00:00	-0.564	-0.564	-0.564	-0.564	0		
25/03/2021 00:00	-0.564	-0.564	-0.564	-0.564	0		
29/03/2021 00:00	-0.57	-0.57	-0.57	-0.57	0		
30/03/2021 00:00	-0.57	-0.57	-0.57	-0.57	0		
31/03/2021 00:00	-0.574	-0.574	-0.574	-0.574	0		
06/04/2021 00:00	-0.567	-0.567	-0.567	-0.567	0		
07/04/2021 00:00	-0.567	-0.567	-0.567	-0.567	0		
08/04/2021 00:00	-0.57	-0.57	-0.57	-0.57	0		
12/04/2021 00:00	-0.567	-0.567	-0.567	-0.567	0		
13/04/2021 00:00	-0.563	-0.563	-0.563	-0.563	0		
14/04/2021 00:00	-0.56	-0.56	-0.56	-0.56	0		
15/04/2021 00:00	-0.566	-0.566	-0.566	-0.566	0		
19/04/2021 00:00	-0.567	-0.567	-0.567	-0.567	0		
20/04/2021 00:00	-0.567	-0.567	-0.567	-0.567	0		
21/04/2021 00:00	-0.565	-0.565	-0.565	-0.565	0		
22/04/2021 00:00	-0.565	-0.565	-0.565	-0.565	0		
26/04/2021 00:00	-0.567	-0.567	-0.567	-0.567	0		
27/04/2021 00:00	-0.56	-0.56	-0.56	-0.56	0		
28/04/2021 00:00	-0.566	-0.566	-0.566	-0.566	0		
29/04/2021 00:00	-0.566	-0.566	-0.566	-0.566	0		
03/05/2021 00:00	-0.567	-0.567	-0.567	-0.567	0		
04/05/2021 00:00	-0.564	-0.564	-0.564	-0.564	0		
05/05/2021 00:00	-0.566	-0.566	-0.566	-0.566	0		
06/05/2021 00:00	-0.565	-0.565	-0.565	-0.565	0		
10/05/2021 00:00	-0.567	-0.567	-0.567	-0.567	0		
11/05/2021 00:00	-0.564	-0.564	-0.564	-0.564	0		
12/05/2021 00:00	-0.564	-0.564	-0.564	-0.564	0		
13/05/2021 00:00	-0.564	-0.564	-0.564	-0.564	0		
17/05/2021 00:00	-0.565	-0.565	-0.565	-0.565	0		
18/05/2021 00:00	-0.558	-0.558	-0.558	-0.558	0		
19/05/2021 00:00	-0.564	-0.564	-0.564	-0.564	0		
20/05/2021 00:00	-0.563	-0.563	-0.563	-0.563	0		
24/05/2021 00:00	-0.566	-0.566	-0.566	-0.566	0		
25/05/2021 00:00	-0.565	-0.565	-0.565	-0.565	0		
26/05/2021 00:00	-0.565	-0.565	-0.565	-0.565	0		
27/05/2021 00:00	-0.564	-0.564	-0.564	-0.564	0		
31/05/2021 00:00	-0.571	-0.571	-0.571	-0.571	0		
01/06/2021 00:00	-0.564	-0.564	-0.564	-0.564	0		
02/06/2021 00:00	-0.563	-0.563	-0.563	-0.563	0		
03/06/2021 00:00	-0.563	-0.563	-0.563	-0.563	0		
07/06/2021 00:00	-0.564	-0.564	-0.564	-0.564	0		
08/06/2021 00:00	-0.563	-0.563	-0.563	-0.563	0		
09/06/2021 00:00	-0.564	-0.564	-0.564	-0.564	0		
10/06/2021 00:00	-0.561	-0.561	-0.561	-0.561	0		
14/06/2021 00:00	-0.565	-0.565	-0.565	-0.565	0		
15/06/2021 00:00	-0.561	-0.561	-0.561	-0.561	0		
16/06/2021 00:00	-0.562	-0.562	-0.562	-0.562	0		
17/06/2021 00:00	-0.563	-0.563	-0.563	-0.563	0		
21/06/2021 00:00	-0.564	-0.564	-0.564	-0.564	0		
22/06/2021 00:00	-0.564	-0.564	-0.564	-0.564	0		
23/06/2021 00:00	-0.563	-0.563	-0.563	-0.563	0		
24/06/2021 00:00	-0.565	-0.565	-0.565	-0.565	0		
28/06/2021 00:00	-0.566	-0.566	-0.566	-0.566	0		
29/06/2021 00:00	-0.568	-0.568	-0.568	-0.568	0		
30/06/2021 00:00	-0.581	-0.581	-0.581	-0.581	0		
01/07/2021 00:00	-0.565	-0.565	-0.565	-0.565	0		
05/07/2021 00:00	-0.566	-0.566	-0.566	-0.566	0		
06/07/2021 00:00	-0.565	-0.565	-0.565	-0.565	0		
07/07/2021 00:00	-0.565	-0.565	-0.565	-0.565	0		
08/07/2021 00:00	-0.566	-0.566	-0.566	-0.566	0		
12/07/2021 00:00	-0.568	-0.568	-0.568	-0.568	0		
13/07/2021 00:00	-0.566	-0.566	-0.566	-0.566	0		
14/07/2021 00:00	-0.566	-0.566	-0.566	-0.566	0		
15/07/2021 00:00	-0.566	-0.566	-0.566	-0.566	0		
19/07/2021 00:00	-0.566	-0.566	-0.566	-0.566	0		
20/07/2021 00:00	-0.567	-0.567	-0.567	-0.567	0		
21/07/2021 00:00	-0.568	-0.568	-0.568	-0.568	0		
22/07/2021 00:00	-0.563	-0.563	-0.563	-0.563	0		
26/07/2021 00:00	-0.567	-0.567	-0.567	-0.567	0		
27/07/2021 00:00	-0.563	-0.563	-0.563	-0.563	0		
28/07/2021 00:00	-0.567	-0.567	-0.567	-0.567	0		
29/07/2021 00:00	-0.567	-0.567	-0.567	-0.567	0		
02/08/2021 00:00	-0.565	-0.565	-0.565	-0.565	0		
03/08/2021 00:00	-0.57	-0.57	-0.57	-0.57	0		
04/08/2021 00:00	-0.57	-0.57	-0.57	-0.57	0		
05/08/2021 00:00	-0.566	-0.566	-0.566	-0.566	0		
09/08/2021 00:00	-0.568	-0.568	-0.568	-0.568	0		
10/08/2021 00:00	-0.567	-0.567	-0.567	-0.567	0		
11/08/2021 00:00	-0.567	-0.567	-0.567	-0.567	0		
12/08/2021 00:00	-0.568	-0.568	-0.568	-0.568	0		
16/08/2021 00:00	-0.569	-0.569	-0.569	-0.569	0		
17/08/2021 00:00	-0.568	-0.568	-0.568	-0.568	0		
18/08/2021 00:00	-0.567	-0.567	-0.567	-0.567	0		
19/08/2021 00:00	-0.567	-0.567	-0.567	-0.567	0		
23/08/2021 00:00	-0.568	-0.568	-0.568	-0.568	0		
24/08/2021 00:00	-0.567	-0.567	-0.567	-0.567	0		
25/08/2021 00:00	-0.564	-0.564	-0.564	-0.564	0		
26/08/2021 00:00	-0.57	-0.57	-0.57	-0.57	0		
30/08/2021 00:00	-0.568	-0.568	-0.568	-0.568	0		
31/08/2021 00:00	-0.57	-0.57	-0.57	-0.57	0		
01/09/2021 00:00	-0.569	-0.569	-0.569	-0.569	0		
02/09/2021 00:00	-0.569	-0.569	-0.569	-0.569	0		
06/09/2021 00:00	-0.569	-0.569	-0.569	-0.569	0		
07/09/2021 00:00	-0.569	-0.569	-0.569	-0.569	0		
08/09/2021 00:00	-0.569	-0.569	-0.569	-0.569	0		
09/09/2021 00:00	-0.57	-0.57	-0.57	-0.57	0		
13/09/2021 00:00	-0.571	-0.571	-0.571	-0.571	0		
14/09/2021 00:00	-0.568	-0.568	-0.568	-0.568	0		
15/09/2021 00:00	-0.573	-0.573	-0.573	-0.573	0		
16/09/2021 00:00	-0.567	-0.567	-0.567	-0.567	0		
20/09/2021 00:00	-0.566	-0.566	-0.566	-0.566	0		
21/09/2021 00:00	-0.571	-0.571	-0.571	-0.571	0		
22/09/2021 00:00	-0.566	-0.566	-0.566	-0.566	0		
23/09/2021 00:00	-0.57	-0.57	-0.57	-0.57	0		
27/09/2021 00:00	-0.571	-0.571	-0.571	-0.571	0		
28/09/2021 00:00	-0.573	-0.573	-0.573	-0.573	0		
29/09/2021 00:00	-0.572	-0.572	-0.572	-0.572	0		
30/09/2021 00:00	-0.58	-0.58	-0.58	-0.58	0		
04/10/2021 00:00	-0.569	-0.569	-0.569	-0.569	0		
05/10/2021 00:00	-0.569	-0.569	-0.569	-0.569	0		
06/10/2021 00:00	-0.569	-0.569	-0.569	-0.569	0		
07/10/2021 00:00	-0.568	-0.568	-0.568	-0.568	0		
11/10/2021 00:00	-0.57	-0.57	-0.57	-0.57	0		
12/10/2021 00:00	-0.562	-0.562	-0.562	-0.562	0		
13/10/2021 00:00	-0.569	-0.569	-0.569	-0.569	0		
14/10/2021 00:00	-0.57	-0.57	-0.57	-0.57	0		
18/10/2021 00:00	-0.574	-0.574	-0.574	-0.574	0		
19/10/2021 00:00	-0.573	-0.573	-0.573	-0.573	0		
20/10/2021 00:00	-0.571	-0.571	-0.571	-0.571	0		
21/10/2021 00:00	-0.573	-0.573	-0.573	-0.573	0		
25/10/2021 00:00	-0.571	-0.571	-0.571	-0.571	0		
26/10/2021 00:00	-0.57	-0.57	-0.57	-0.57	0		
27/10/2021 00:00	-0.573	-0.573	-0.573	-0.573	0		
28/10/2021 00:00	-0.573	-0.573	-0.573	-0.573	0		
01/11/2021 00:00	-0.579	-0.579	-0.579	-0.579	0		
02/11/2021 00:00	-0.569	-0.569	-0.569	-0.569	0		
03/11/2021 00:00	-0.574	-0.574	-0.574	-0.574	0		
04/11/2021 00:00	-0.573	-0.573	-0.573	-0.573	0		
09/11/2021 00:00	-0.575	-0.575	-0.575	-0.575	0		
10/11/2021 00:00	-0.576	-0.576	-0.576	-0.576	0		
11/11/2021 00:00	-0.575	-0.575	-0.575	-0.575	0		
15/11/2021 00:00	-0.569	-0.569	-0.569	-0.569	0		
16/11/2021 00:00	-0.571	-0.571	-0.571	-0.571	0		
17/11/2021 00:00	-0.571	-0.571	-0.571	-0.571	0		
18/11/2021 00:00	-0.571	-0.571	-0.571	-0.571	0		
22/11/2021 00:00	-0.573	-0.573	-0.573	-0.573	0		
23/11/2021 00:00	-0.574	-0.574	-0.574	-0.574	0		
24/11/2021 00:00	-0.57	-0.57	-0.57	-0.57	0		
25/11/2021 00:00	-0.573	-0.573	-0.573	-0.573	0		
29/11/2021 00:00	-0.573	-0.573	-0.573	-0.573	0		
30/11/2021 00:00	-0.575	-0.575	-0.575	-0.575	0		
01/12/2021 00:00	-0.574	-0.574	-0.574	-0.574	0		
02/12/2021 00:00	-0.575	-0.575	-0.575	-0.575	0		
06/12/2021 00:00	-0.578	-0.578	-0.578	-0.578	0		
07/12/2021 00:00	-0.577	-0.577	-0.577	-0.577	0		
08/12/2021 00:00	-0.577	-0.577	-0.577	-0.577	0		
09/12/2021 00:00	-0.578	-0.578	-0.578	-0.578	0		
13/12/2021 00:00	-0.579	-0.579	-0.579	-0.579	0		
14/12/2021 00:00	-0.577	-0.577	-0.577	-0.577	0		
15/12/2021 00:00	-0.577	-0.577	-0.577	-0.577	0		
16/12/2021 00:00	-0.577	-0.577	-0.577	-0.577	0		
20/12/2021 00:00	-0.576	-0.576	-0.576	-0.576	0		
21/12/2021 00:00	-0.571	-0.571	-0.571	-0.571	0		
22/12/2021 00:00	-0.574	-0.574	-0.574	-0.574	0		
23/12/2021 00:00	-0.576	-0.576	-0.576	-0.576	0		
27/12/2021 00:00	-0.576	-0.576	-0.576	-0.576	0		
28/12/2021 00:00	-0.575	-0.575	-0.575	-0.575	0		
29/12/2021 00:00	-0.578	-0.578	-0.578	-0.578	0		
30/12/2021 00:00	-0.58	-0.58	-0.58	-0.58	0		
03/01/2022 00:00	-0.578	-0.578	-0.578	-0.578	0		
04/01/2022 00:00	-0.578	-0.578	-0.578	-0.578	0		
05/01/2022 00:00	-0.578	-0.578	-0.578	-0.578	0		
06/01/2022 00:00	-0.578	-0.578	-0.578	-0.578	0		
10/01/2022 00:00	-0.579	-0.579	-0.579	-0.579	0		
11/01/2022 00:00	-0.579	-0.579	-0.579	-0.579	0		
12/01/2022 00:00	-0.578	-0.578	-0.578	-0.578	0		
13/01/2022 00:00	-0.578	-0.578	-0.578	-0.578	0		
17/01/2022 00:00	-0.578	-0.578	-0.578	-0.578	0		
18/01/2022 00:00	-0.579	-0.579	-0.579	-0.579	0		
19/01/2022 00:00	-0.578	-0.578	-0.578	-0.578	0		
20/01/2022 00:00	-0.579	-0.579	-0.579	-0.579	0		
24/01/2022 00:00	-0.579	-0.579	-0.579	-0.579	0		
25/01/2022 00:00	-0.578	-0.578	-0.578	-0.578	0		
26/01/2022 00:00	-0.576	-0.576	-0.576	-0.576	0		
27/01/2022 00:00	-0.573	-0.573	-0.573	-0.573	0		
31/01/2022 00:00	-0.579	-0.579	-0.579	-0.579	0		
01/02/2022 00:00	-0.578	-0.578	-0.578	-0.578	0		
02/02/2022 00:00	-0.578	-0.578	-0.578	-0.578	0		
03/02/2022 00:00	-0.577	-0.577	-0.577	-0.577	0		
07/02/2022 00:00	-0.578	-0.578	-0.578	-0.578	0		
08/02/2022 00:00	-0.574	-0.574	-0.574	-0.574	0		
09/02/2022 00:00	-0.578	-0.578	-0.578	-0.578	0		
10/02/2022 00:00	-0.572	-0.572	-0.572	-0.572	0		
14/02/2022 00:00	-0.578	-0.578	-0.578	-0.578	0		
15/02/2022 00:00	-0.576	-0.576	-0.576	-0.576	0		
16/02/2022 00:00	-0.576	-0.576	-0.576	-0.576	0		
17/02/2022 00:00	-0.576	-0.576	-0.576	-0.576	0		
21/02/2022 00:00	-0.576	-0.576	-0.576	-0.576	0		
22/02/2022 00:00	-0.575	-0.575	-0.575	-0.575	0		
23/02/2022 00:00	-0.576	-0.576	-0.576	-0.576	0		
24/02/2022 00:00	-0.576	-0.576	-0.576	-0.576	0		
28/02/2022 00:00	-0.58	-0.58	-0.58	-0.58	0		
01/03/2022 00:00	-0.577	-0.577	-0.577	-0.577	0		
02/03/2022 00:00	-0.578	-0.578	-0.578	-0.578	0		
03/03/2022 00:00	-0.579	-0.579	-0.579	-0.579	0		
07/03/2022 00:00	-0.579	-0.579	-0.579	-0.579	0		
08/03/2022 00:00	-0.579	-0.579	-0.579	-0.579	0		
09/03/2022 00:00	-0.58	-0.58	-0.58	-0.58	0		
10/03/2022 00:00	-0.576	-0.576	-0.576	-0.576	0		
14/03/2022 00:00	-0.577	-0.577	-0.577	-0.577	0		
15/03/2022 00:00	-0.573	-0.573	-0.573	-0.573	0		
16/03/2022 00:00	-0.577	-0.577	-0.577	-0.577	0		
17/03/2022 00:00	-0.578	-0.578	-0.578	-0.578	0		
21/03/2022 00:00	-0.578	-0.578	-0.578	-0.578	0		
22/03/2022 00:00	-0.578	-0.578	-0.578	-0.578	0		
23/03/2022 00:00	-0.578	-0.578	-0.578	-0.578	0		
24/03/2022 00:00	-0.579	-0.579	-0.579	-0.579	0		
28/03/2022 00:00	-0.58	-0.58	-0.58	-0.58	0		
29/03/2022 00:00	-0.579	-0.579	-0.579	-0.579	0		
30/03/2022 00:00	-0.579	-0.579	-0.579	-0.579	0		
31/03/2022 00:00	-0.593	-0.593	-0.593	-0.593	0		
04/04/2022 00:00	-0.585	-0.585	-0.585	-0.585	0		
05/04/2022 00:00	-0.586	-0.586	-0.586	-0.586	0		
06/04/2022 00:00	-0.584	-0.584	-0.584	-0.584	0		
07/04/2022 00:00	-0.582	-0.582	-0.582	-0.582	0		
11/04/2022 00:00	-0.584	-0.584	-0.584	-0.584	0		
12/04/2022 00:00	-0.583	-0.583	-0.583	-0.583	0		
13/04/2022 00:00	-0.585	-0.585	-0.585	-0.585	0		
19/04/2022 00:00	-0.58	-0.58	-0.58	-0.58	0		
20/04/2022 00:00	-0.583	-0.583	-0.583	-0.583	0		
21/04/2022 00:00	-0.585	-0.585	-0.585	-0.585	0		
25/04/2022 00:00	-0.585	-0.585	-0.585	-0.585	0		
26/04/2022 00:00	-0.582	-0.582	-0.582	-0.582	0		
27/04/2022 00:00	-0.583	-0.583	-0.583	-0.583	0		
28/04/2022 00:00	-0.583	-0.583	-0.583	-0.583	0		
02/05/2022 00:00	-0.583	-0.583	-0.583	-0.583	0		
03/05/2022 00:00	-0.579	-0.579	-0.579	-0.579	0		
04/05/2022 00:00	-0.585	-0.585	-0.585	-0.585	0		
05/05/2022 00:00	-0.585	-0.585	-0.585	-0.585	0		
09/05/2022 00:00	-0.586	-0.586	-0.586	-0.586	0		
10/05/2022 00:00	-0.584	-0.584	-0.584	-0.584	0		
11/05/2022 00:00	-0.584	-0.584	-0.584	-0.584	0		
12/05/2022 00:00	-0.577	-0.577	-0.577	-0.577	0		
16/05/2022 00:00	-0.585	-0.585	-0.585	-0.585	0		
17/05/2022 00:00	-0.585	-0.585	-0.585	-0.585	0		
18/05/2022 00:00	-0.585	-0.585	-0.585	-0.585	0		
19/05/2022 00:00	-0.585	-0.585	-0.585	-0.585	0		
23/05/2022 00:00	-0.586	-0.586	-0.586	-0.586	0		
24/05/2022 00:00	-0.587	-0.587	-0.587	-0.587	0		
25/05/2022 00:00	-0.587	-0.587	-0.587	-0.587	0		
26/05/2022 00:00	-0.59	-0.59	-0.59	-0.59	0		
30/05/2022 00:00	-0.586	-0.586	-0.586	-0.586	0		
31/05/2022 00:00	-0.589	-0.589	-0.589	-0.589	0		
06/06/2022 00:00	-0.59	-0.59	-0.59	-0.59	0		
07/06/2022 00:00	-0.583	-0.583	-0.583	-0.583	0		
08/06/2022 00:00	-0.582	-0.582	-0.582	-0.582	0		
09/06/2022 00:00	-0.582	-0.582	-0.582	-0.582	0		
13/06/2022 00:00	-0.58	-0.58	-0.58	-0.58	0		
14/06/2022 00:00	-0.578	-0.578	-0.578	-0.578	0		
15/06/2022 00:00	-0.58	-0.58	-0.58	-0.58	0		
16/06/2022 00:00	-0.582	-0.582	-0.582	-0.582	0		
20/06/2022 00:00	-0.581	-0.581	-0.581	-0.581	0		
21/06/2022 00:00	-0.582	-0.582	-0.582	-0.582	0		
22/06/2022 00:00	-0.579	-0.579	-0.579	-0.579	0		
23/06/2022 00:00	-0.578	-0.578	-0.578	-0.578	0		
27/06/2022 00:00	-0.579	-0.579	-0.579	-0.579	0		
28/06/2022 00:00	-0.581	-0.581	-0.581	-0.581	0		
29/06/2022 00:00	-0.578	-0.578	-0.578	-0.578	0		
30/06/2022 00:00	-0.591	-0.591	-0.591	-0.591	0		
04/07/2022 00:00	-0.58	-0.58	-0.58	-0.58	0		
05/07/2022 00:00	-0.58	-0.58	-0.58	-0.58	0		
06/07/2022 00:00	-0.58	-0.58	-0.58	-0.58	0		
07/07/2022 00:00	-0.579	-0.579	-0.579	-0.579	0		
11/07/2022 00:00	-0.58	-0.58	-0.58	-0.58	0		
12/07/2022 00:00	-0.58	-0.58	-0.58	-0.58	0		
13/07/2022 00:00	-0.581	-0.581	-0.581	-0.581	0		
14/07/2022 00:00	-0.582	-0.582	-0.582	-0.582	0		
18/07/2022 00:00	-0.582	-0.582	-0.582	-0.582	0		
19/07/2022 00:00	-0.583	-0.583	-0.583	-0.583	0		
20/07/2022 00:00	-0.582	-0.582	-0.582	-0.582	0		
21/07/2022 00:00	-0.584	-0.584	-0.584	-0.584	0		
25/07/2022 00:00	-0.583	-0.583	-0.583	-0.583	0		
26/07/2022 00:00	-0.581	-0.581	-0.581	-0.581	0		
27/07/2022 00:00	-0.085	-0.085	-0.085	-0.085	0		
28/07/2022 00:00	-0.087	-0.087	-0.087	-0.087	0		
01/08/2022 00:00	-0.088	-0.088	-0.088	-0.088	0		
02/08/2022 00:00	-0.087	-0.087	-0.087	-0.087	0		
03/08/2022 00:00	-0.087	-0.087	-0.087	-0.087	0		
04/08/2022 00:00	-0.084	-0.084	-0.084	-0.084	0		
08/08/2022 00:00	-0.085	-0.085	-0.085	-0.085	0		
09/08/2022 00:00	-0.085	-0.085	-0.085	-0.085	0		
10/08/2022 00:00	-0.086	-0.086	-0.086	-0.086	0		
11/08/2022 00:00	-0.085	-0.085	-0.085	-0.085	0		
15/08/2022 00:00	-0.088	-0.088	-0.088	-0.088	0		
16/08/2022 00:00	-0.087	-0.087	-0.087	-0.087	0		
17/08/2022 00:00	-0.087	-0.087	-0.087	-0.087	0		
18/08/2022 00:00	-0.084	-0.084	-0.084	-0.084	0		
22/08/2022 00:00	-0.082	-0.082	-0.082	-0.082	0		
23/08/2022 00:00	-0.08	-0.08	-0.08	-0.08	0		
24/08/2022 00:00	-0.082	-0.082	-0.082	-0.082	0		
25/08/2022 00:00	-0.08	-0.08	-0.08	-0.08	0		
29/08/2022 00:00	-0.081	-0.081	-0.081	-0.081	0		
30/08/2022 00:00	-0.084	-0.084	-0.084	-0.084	0		
31/08/2022 00:00	-0.091	-0.091	-0.091	-0.091	0		
01/09/2022 00:00	-0.084	-0.084	-0.084	-0.084	0		
05/09/2022 00:00	-0.087	-0.087	-0.087	-0.087	0		
06/09/2022 00:00	-0.085	-0.085	-0.085	-0.085	0		
07/09/2022 00:00	-0.076	-0.076	-0.076	-0.076	0		
08/09/2022 00:00	-0.086	-0.086	-0.086	-0.086	0		
12/09/2022 00:00	-0.086	-0.086	-0.086	-0.086	0		
13/09/2022 00:00	-0.083	-0.083	-0.083	-0.083	0		
14/09/2022 00:00	0.662	0.662	0.662	0.662	0		
15/09/2022 00:00	0.66	0.66	0.66	0.66	0		
19/09/2022 00:00	0.657	0.657	0.657	0.657	0		
20/09/2022 00:00	0.659	0.659	0.659	0.659	0		
21/09/2022 00:00	0.661	0.661	0.661	0.661	0		
22/09/2022 00:00	0.661	0.661	0.661	0.661	0		
26/09/2022 00:00	0.663	0.663	0.663	0.663	0		
27/09/2022 00:00	0.662	0.662	0.662	0.662	0		
28/09/2022 00:00	0.662	0.662	0.662	0.662	0		
29/09/2022 00:00	0.661	0.661	0.661	0.661	0		
03/10/2022 00:00	0.656	0.656	0.656	0.656	0		
04/10/2022 00:00	0.657	0.657	0.657	0.657	0		
05/10/2022 00:00	0.652	0.652	0.652	0.652	0		
06/10/2022 00:00	0.655	0.655	0.655	0.655	0		
10/10/2022 00:00	0.655	0.655	0.655	0.655	0		
11/10/2022 00:00	0.657	0.657	0.657	0.657	0		
12/10/2022 00:00	0.658	0.658	0.658	0.658	0		
13/10/2022 00:00	0.658	0.658	0.658	0.658	0		
17/10/2022 00:00	0.658	0.658	0.658	0.658	0		
18/10/2022 00:00	0.657	0.657	0.657	0.657	0		
19/10/2022 00:00	0.656	0.656	0.656	0.656	0		
20/10/2022 00:00	0.656	0.656	0.656	0.656	0		
24/10/2022 00:00	0.658	0.658	0.658	0.658	0		
25/10/2022 00:00	0.656	0.656	0.656	0.656	0		
26/10/2022 00:00	0.656	0.656	0.656	0.656	0		
27/10/2022 00:00	0.657	0.657	0.657	0.657	0		
31/10/2022 00:00	0.648	0.648	0.648	0.648	0		
01/11/2022 00:00	0.659	0.659	0.659	0.659	0		
02/11/2022 00:00	1.403	1.403	1.403	1.403	0		
03/11/2022 00:00	1.403	1.403	1.403	1.403	0		
07/11/2022 00:00	1.4	1.4	1.4	1.4	0		
08/11/2022 00:00	1.4	1.4	1.4	1.4	0		
09/11/2022 00:00	1.4	1.4	1.4	1.4	0		
10/11/2022 00:00	1.402	1.402	1.402	1.402	0		
14/11/2022 00:00	1.401	1.401	1.401	1.401	0		
15/11/2022 00:00	1.4	1.4	1.4	1.4	0		
16/11/2022 00:00	1.401	1.401	1.401	1.401	0		
17/11/2022 00:00	1.402	1.402	1.402	1.402	0		
21/11/2022 00:00	1.403	1.403	1.403	1.403	0		
22/11/2022 00:00	1.404	1.404	1.404	1.404	0		
23/11/2022 00:00	1.405	1.405	1.405	1.405	0		
24/11/2022 00:00	1.405	1.405	1.405	1.405	0		
28/11/2022 00:00	1.403	1.403	1.403	1.403	0		
29/11/2022 00:00	1.402	1.402	1.402	1.402	0		
30/11/2022 00:00	1.391	1.391	1.391	1.391	0		
01/12/2022 00:00	1.4	1.4	1.4	1.4	0		
05/12/2022 00:00	1.398	1.398	1.398	1.398	0		
06/12/2022 00:00	1.406	1.406	1.406	1.406	0		
07/12/2022 00:00	1.399	1.399	1.399	1.399	0		
08/12/2022 00:00	1.4	1.4	1.4	1.4	0		
12/12/2022 00:00	1.4	1.4	1.4	1.4	0		
13/12/2022 00:00	1.4	1.4	1.4	1.4	0		
14/12/2022 00:00	1.402	1.402	1.402	1.402	0		
15/12/2022 00:00	1.403	1.403	1.403	1.403	0		
19/12/2022 00:00	1.403	1.403	1.403	1.403	0		
20/12/2022 00:00	1.403	1.403	1.403	1.403	0		
21/12/2022 00:00	1.902	1.902	1.902	1.902	0		
22/12/2022 00:00	1.904	1.904	1.904	1.904	0		
27/12/2022 00:00	1.906	1.906	1.906	1.906	0		
28/12/2022 00:00	1.906	1.906	1.906	1.906	0		
29/12/2022 00:00	1.905	1.905	1.905	1.905	0		
02/01/2023 00:00	1.906	1.906	1.906	1.906	0		
03/01/2023 00:00	1.904	1.904	1.904	1.904	0		
04/01/2023 00:00	1.904	1.904	1.904	1.904	0		
05/01/2023 00:00	1.9	1.9	1.9	1.9	0		
09/01/2023 00:00	1.9	1.9	1.9	1.9	0		
10/01/2023 00:00	1.9	1.9	1.9	1.9	0		
11/01/2023 00:00	1.9	1.9	1.9	1.9	0		
12/01/2023 00:00	1.9	1.9	1.9	1.9	0		
16/01/2023 00:00	1.902	1.902	1.902	1.902	0		
17/01/2023 00:00	1.901	1.901	1.901	1.901	0		
18/01/2023 00:00	1.902	1.902	1.902	1.902	0		
19/01/2023 00:00	1.903	1.903	1.903	1.903	0		
23/01/2023 00:00	1.902	1.902	1.902	1.902	0		
24/01/2023 00:00	1.904	1.904	1.904	1.904	0		
25/01/2023 00:00	1.904	1.904	1.904	1.904	0		
26/01/2023 00:00	1.904	1.904	1.904	1.904	0		
30/01/2023 00:00	1.904	1.904	1.904	1.904	0		
31/01/2023 00:00	1.894	1.894	1.894	1.894	0		
01/02/2023 00:00	1.901	1.901	1.901	1.901	0		
02/02/2023 00:00	1.902	1.902	1.902	1.902	0		
06/02/2023 00:00	1.901	1.901	1.901	1.901	0		
07/02/2023 00:00	1.902	1.902	1.902	1.902	0		
08/02/2023 00:00	2.401	2.401	2.401	2.401	0		
09/02/2023 00:00	2.401	2.401	2.401	2.401	0		
13/02/2023 00:00	2.4	2.4	2.4	2.4	0		
14/02/2023 00:00	2.4	2.4	2.4	2.4	0		
15/02/2023 00:00	2.405	2.405	2.405	2.405	0		
16/02/2023 00:00	2.4	2.4	2.4	2.4	0		
20/02/2023 00:00	2.4	2.4	2.4	2.4	0		
21/02/2023 00:00	2.398	2.398	2.398	2.398	0		
22/02/2023 00:00	2.399	2.399	2.399	2.399	0		
23/02/2023 00:00	2.399	2.399	2.399	2.399	0		
27/02/2023 00:00	2.398	2.398	2.398	2.398	0		
28/02/2023 00:00	2.388	2.388	2.388	2.388	0		
01/03/2023 00:00	2.398	2.398	2.398	2.398	0		
02/03/2023 00:00	2.399	2.399	2.399	2.399	0		
06/03/2023 00:00	2.399	2.399	2.399	2.399	0		
07/03/2023 00:00	2.398	2.398	2.398	2.398	0		
08/03/2023 00:00	2.399	2.399	2.399	2.399	0		
09/03/2023 00:00	2.401	2.401	2.401	2.401	0		
14/03/2023 00:00	2.401	2.401	2.401	2.401	0		
15/03/2023 00:00	2.4	2.4	2.4	2.4	0		
16/03/2023 00:00	2.399	2.399	2.399	2.399	0		
20/03/2023 00:00	2.398	2.398	2.398	2.398	0		
21/03/2023 00:00	2.399	2.399	2.399	2.399	0		
22/03/2023 00:00	2.898	2.898	2.898	2.898	0		
23/03/2023 00:00	2.899	2.899	2.899	2.899	0		
27/03/2023 00:00	2.898	2.898	2.898	2.898	0		
28/03/2023 00:00	2.894	2.894	2.894	2.894	0		
29/03/2023 00:00	2.894	2.894	2.894	2.894	0		
30/03/2023 00:00	2.896	2.896	2.896	2.896	0		
03/04/2023 00:00	2.898	2.898	2.898	2.898	0		
04/04/2023 00:00	2.898	2.898	2.898	2.898	0		
05/04/2023 00:00	2.902	2.902	2.902	2.902	0		
11/04/2023 00:00	2.897	2.897	2.897	2.897	0		
12/04/2023 00:00	2.898	2.898	2.898	2.898	0		
13/04/2023 00:00	2.899	2.899	2.899	2.899	0		
17/04/2023 00:00	2.897	2.897	2.897	2.897	0		
18/04/2023 00:00	2.901	2.901	2.901	2.901	0		
19/04/2023 00:00	2.902	2.902	2.902	2.902	0		
20/04/2023 00:00	2.904	2.904	2.904	2.904	0		
24/04/2023 00:00	2.905	2.905	2.905	2.905	0		
25/04/2023 00:00	2.901	2.901	2.901	2.901	0		
26/04/2023 00:00	2.9	2.9	2.9	2.9	0		
27/04/2023 00:00	2.9	2.9	2.9	2.9	0		
02/05/2023 00:00	2.896	2.896	2.896	2.896	0		
03/05/2023 00:00	2.896	2.896	2.896	2.896	0		
04/05/2023 00:00	2.897	2.897	2.897	2.897	0		
08/05/2023 00:00	2.892	2.892	2.892	2.892	0		
09/05/2023 00:00	2.894	2.894	2.894	2.894	0		
10/05/2023 00:00	3.145	3.145	3.145	3.145	0		
11/05/2023 00:00	3.145	3.145	3.145	3.145	0		
15/05/2023 00:00	3.145	3.145	3.145	3.145	0		
16/05/2023 00:00	3.147	3.147	3.147	3.147	0		
17/05/2023 00:00	3.151	3.151	3.151	3.151	0		
18/05/2023 00:00	3.153	3.153	3.153	3.153	0		
22/05/2023 00:00	3.15	3.15	3.15	3.15	0		
23/05/2023 00:00	3.157	3.157	3.157	3.157	0		
24/05/2023 00:00	3.148	3.148	3.148	3.148	0		
25/05/2023 00:00	3.148	3.148	3.148	3.148	0		
29/05/2023 00:00	3.147	3.147	3.147	3.147	0		
30/05/2023 00:00	3.148	3.148	3.148	3.148	0		
31/05/2023 00:00	3.144	3.144	3.144	3.144	0		
01/06/2023 00:00	3.147	3.147	3.147	3.147	0		
05/06/2023 00:00	3.148	3.148	3.148	3.148	0		
06/06/2023 00:00	3.145	3.145	3.145	3.145	0		
07/06/2023 00:00	3.144	3.144	3.144	3.144	0		
08/06/2023 00:00	3.146	3.146	3.146	3.146	0		
12/06/2023 00:00	3.147	3.147	3.147	3.147	0		
13/06/2023 00:00	3.147	3.147	3.147	3.147	0		
14/06/2023 00:00	3.15	3.15	3.15	3.15	0		
15/06/2023 00:00	3.147	3.147	3.147	3.147	0		
19/06/2023 00:00	3.144	3.144	3.144	3.144	0		
20/06/2023 00:00	3.144	3.144	3.144	3.144	0		
21/06/2023 00:00	3.395	3.395	3.395	3.395	0		
22/06/2023 00:00	3.397	3.397	3.397	3.397	0		
26/06/2023 00:00	3.4	3.4	3.4	3.4	0		
27/06/2023 00:00	3.397	3.397	3.397	3.397	0		
28/06/2023 00:00	3.4	3.4	3.4	3.4	0		
29/06/2023 00:00	3.4	3.4	3.4	3.4	0		
03/07/2023 00:00	3.399	3.399	3.399	3.399	0		
04/07/2023 00:00	3.401	3.401	3.401	3.401	0		
05/07/2023 00:00	3.404	3.404	3.404	3.404	0		
06/07/2023 00:00	3.406	3.406	3.406	3.406	0		
10/07/2023 00:00	3.402	3.402	3.402	3.402	0		
11/07/2023 00:00	3.404	3.404	3.404	3.404	0		
12/07/2023 00:00	3.404	3.404	3.404	3.404	0		
13/07/2023 00:00	3.401	3.401	3.401	3.401	0		
17/07/2023 00:00	3.4	3.4	3.4	3.4	0		
18/07/2023 00:00	3.399	3.399	3.399	3.399	0		
19/07/2023 00:00	3.4	3.4	3.4	3.4	0		
20/07/2023 00:00	3.403	3.403	3.403	3.403	0		
24/07/2023 00:00	3.405	3.405	3.405	3.405	0		
25/07/2023 00:00	3.405	3.405	3.405	3.405	0		
26/07/2023 00:00	3.402	3.402	3.402	3.402	0		
27/07/2023 00:00	3.403	3.403	3.403	3.403	0		
31/07/2023 00:00	3.392	3.392	3.392	3.392	0		
01/08/2023 00:00	3.404	3.404	3.404	3.404	0		
02/08/2023 00:00	3.655	3.655	3.655	3.655	0		
03/08/2023 00:00	3.653	3.653	3.653	3.653	0		
07/08/2023 00:00	3.653	3.653	3.653	3.653	0		
08/08/2023 00:00	3.652	3.652	3.652	3.652	0		
09/08/2023 00:00	3.649	3.649	3.649	3.649	0		
10/08/2023 00:00	3.652	3.652	3.652	3.652	0		
14/08/2023 00:00	3.656	3.656	3.656	3.656	0		
15/08/2023 00:00	3.657	3.657	3.657	3.657	0		
16/08/2023 00:00	3.654	3.654	3.654	3.654	0		
17/08/2023 00:00	3.654	3.654	3.654	3.654	0		
21/08/2023 00:00	3.654	3.654	3.654	3.654	0		
22/08/2023 00:00	3.655	3.655	3.655	3.655	0		
23/08/2023 00:00	3.652	3.652	3.652	3.652	0		
24/08/2023 00:00	3.649	3.649	3.649	3.649	0		
28/08/2023 00:00	3.651	3.651	3.651	3.651	0		
29/08/2023 00:00	3.652	3.652	3.652	3.652	0		
30/08/2023 00:00	3.652	3.652	3.652	3.652	0		
31/08/2023 00:00	3.646	3.646	3.646	3.646	0		
04/09/2023 00:00	3.652	3.652	3.652	3.652	0		
05/09/2023 00:00	3.651	3.651	3.651	3.651	0		
06/09/2023 00:00	3.652	3.652	3.652	3.652	0		
07/09/2023 00:00	3.652	3.652	3.652	3.652	0		
11/09/2023 00:00	3.652	3.652	3.652	3.652	0		
12/09/2023 00:00	3.654	3.654	3.654	3.654	0		
13/09/2023 00:00	3.652	3.652	3.652	3.652	0		
14/09/2023 00:00	3.653	3.653	3.653	3.653	0		
18/09/2023 00:00	3.648	3.648	3.648	3.648	0		
19/09/2023 00:00	3.651	3.651	3.651	3.651	0		
20/09/2023 00:00	3.901	3.901	3.901	3.901	0		
21/09/2023 00:00	3.902	3.902	3.902	3.902	0		
25/09/2023 00:00	3.904	3.904	3.904	3.904	0		
26/09/2023 00:00	3.904	3.904	3.904	3.904	0		
27/09/2023 00:00	3.905	3.905	3.905	3.905	0		
28/09/2023 00:00	3.906	3.906	3.906	3.906	0		
02/10/2023 00:00	3.899	3.899	3.899	3.899	0		
03/10/2023 00:00	3.9	3.9	3.9	3.9	0		
04/10/2023 00:00	3.901	3.901	3.901	3.901	0		
05/10/2023 00:00	3.9	3.9	3.9	3.9	0		
09/10/2023 00:00	3.9	3.9	3.9	3.9	0		
10/10/2023 00:00	3.899	3.899	3.899	3.899	0		
11/10/2023 00:00	3.901	3.901	3.901	3.901	0		
12/10/2023 00:00	3.901	3.901	3.901	3.901	0		
16/10/2023 00:00	3.902	3.902	3.902	3.902	0		
17/10/2023 00:00	3.904	3.904	3.904	3.904	0		
18/10/2023 00:00	3.903	3.903	3.903	3.903	0		
19/10/2023 00:00	3.905	3.905	3.905	3.905	0		
23/10/2023 00:00	3.905	3.905	3.905	3.905	0		
24/10/2023 00:00	3.904	3.904	3.904	3.904	0		
25/10/2023 00:00	3.9	3.9	3.9	3.9	0		
26/10/2023 00:00	3.901	3.901	3.901	3.901	0		
30/10/2023 00:00	3.899	3.899	3.899	3.899	0		
31/10/2023 00:00	3.882	3.882	3.882	3.882	0		
01/11/2023 00:00	3.9	3.9	3.9	3.9	0		
02/11/2023 00:00	3.903	3.903	3.903	3.903	0		
06/11/2023 00:00	3.9	3.9	3.9	3.9	0		
07/11/2023 00:00	3.902	3.902	3.902	3.902	0		
08/11/2023 00:00	3.902	3.902	3.902	3.902	0		
09/11/2023 00:00	3.902	3.902	3.902	3.902	0		
13/11/2023 00:00	3.903	3.903	3.903	3.903	0		
14/11/2023 00:00	3.902	3.902	3.902	3.902	0		
15/11/2023 00:00	3.899	3.899	3.899	3.899	0		
16/11/2023 00:00	3.906	3.906	3.906	3.906	0		
20/11/2023 00:00	3.903	3.903	3.903	3.903	0		
21/11/2023 00:00	3.901	3.901	3.901	3.901	0		
22/11/2023 00:00	3.902	3.902	3.902	3.902	0		
23/11/2023 00:00	3.902	3.902	3.902	3.902	0		
27/11/2023 00:00	3.903	3.903	3.903	3.903	0		
28/11/2023 00:00	3.903	3.903	3.903	3.903	0		
29/11/2023 00:00	3.902	3.902	3.902	3.902	0		
30/11/2023 00:00	3.891	3.891	3.891	3.891	0		
04/12/2023 00:00	3.904	3.904	3.904	3.904	0		
05/12/2023 00:00	3.905	3.905	3.905	3.905	0		
06/12/2023 00:00	3.904	3.904	3.904	3.904	0		
07/12/2023 00:00	3.903	3.903	3.903	3.903	0		
11/12/2023 00:00	3.902	3.902	3.902	3.902	0		
12/12/2023 00:00	3.905	3.905	3.905	3.905	0		
13/12/2023 00:00	3.905	3.905	3.905	3.905	0		
14/12/2023 00:00	3.907	3.907	3.907	3.907	0		
18/12/2023 00:00	3.901	3.901	3.901	3.901	0		
19/12/2023 00:00	3.901	3.901	3.901	3.901	0		
20/12/2023 00:00	3.901	3.901	3.901	3.901	0		
21/12/2023 00:00	3.899	3.899	3.899	3.899	0		
27/12/2023 00:00	3.9	3.9	3.9	3.9	0		
28/12/2023 00:00	3.9	3.9	3.9	3.9	0		
02/01/2024 00:00	3.906	3.906	3.906	3.906	0		
03/01/2024 00:00	3.904	3.904	3.904	3.904	0		
04/01/2024 00:00	3.902	3.902	3.902	3.902	0		
08/01/2024 00:00	3.904	3.904	3.904	3.904	0		
09/01/2024 00:00	3.904	3.904	3.904	3.904	0		
10/01/2024 00:00	3.906	3.906	3.906	3.906	0		
11/01/2024 00:00	3.905	3.905	3.905	3.905	0		
15/01/2024 00:00	3.902	3.902	3.902	3.902	0		
16/01/2024 00:00	3.905	3.905	3.905	3.905	0		
17/01/2024 00:00	3.904	3.904	3.904	3.904	0		
18/01/2024 00:00	3.907	3.907	3.907	3.907	0		
22/01/2024 00:00	3.902	3.902	3.902	3.902	0		
23/01/2024 00:00	3.902	3.902	3.902	3.902	0		
24/01/2024 00:00	3.905	3.905	3.905	3.905	0		
25/01/2024 00:00	3.905	3.905	3.905	3.905	0		
29/01/2024 00:00	3.907	3.907	3.907	3.907	0		
30/01/2024 00:00	3.907	3.907	3.907	3.907	0		
31/01/2024 00:00	3.894	3.894	3.894	3.894	0		
01/02/2024 00:00	3.905	3.905	3.905	3.905	0		
05/02/2024 00:00	3.907	3.907	3.907	3.907	0		
06/02/2024 00:00	3.908	3.908	3.908	3.908	0		
07/02/2024 00:00	3.908	3.908	3.908	3.908	0		
08/02/2024 00:00	3.908	3.908	3.908	3.908	0		
12/02/2024 00:00	3.909	3.909	3.909	3.909	0		
13/02/2024 00:00	3.909	3.909	3.909	3.909	0		
14/02/2024 00:00	3.911	3.911	3.911	3.911	0		
15/02/2024 00:00	3.911	3.911	3.911	3.911	0		
19/02/2024 00:00	3.91	3.91	3.91	3.91	0		
20/02/2024 00:00	3.911	3.911	3.911	3.911	0		
21/02/2024 00:00	3.91	3.91	3.91	3.91	0		
22/02/2024 00:00	3.909	3.909	3.909	3.909	0		
26/02/2024 00:00	3.904	3.904	3.904	3.904	0		
27/02/2024 00:00	3.905	3.905	3.905	3.905	0		
28/02/2024 00:00	3.906	3.906	3.906	3.906	0		
29/02/2024 00:00	3.887	3.887	3.887	3.887	0		
04/03/2024 00:00	3.903	3.903	3.903	3.903	0		
05/03/2024 00:00	3.911	3.911	3.911	3.911	0		
06/03/2024 00:00	3.905	3.905	3.905	3.905	0		
07/03/2024 00:00	3.908	3.908	3.908	3.908	0		
11/03/2024 00:00	3.904	3.904	3.904	3.904	0		
12/03/2024 00:00	3.905	3.905	3.905	3.905	0		
13/03/2024 00:00	3.907	3.907	3.907	3.907	0		
14/03/2024 00:00	3.908	3.908	3.908	3.908	0		
18/03/2024 00:00	3.909	3.909	3.909	3.909	0		
19/03/2024 00:00	3.908	3.908	3.908	3.908	0		
20/03/2024 00:00	3.908	3.908	3.908	3.908	0		
21/03/2024 00:00	3.907	3.907	3.907	3.907	0		
25/03/2024 00:00	3.909	3.909	3.909	3.909	0		
26/03/2024 00:00	3.906	3.906	3.906	3.906	0		
27/03/2024 00:00	3.906	3.906	3.906	3.906	0		
02/04/2024 00:00	3.906	3.906	3.906	3.906	0		
03/04/2024 00:00	3.911	3.911	3.911	3.911	0		
04/04/2024 00:00	3.912	3.912	3.912	3.912	0		
08/04/2024 00:00	3.908	3.908	3.908	3.908	0		
09/04/2024 00:00	3.909	3.909	3.909	3.909	0		
10/04/2024 00:00	3.907	3.907	3.907	3.907	0		
11/04/2024 00:00	3.907	3.907	3.907	3.907	0		
15/04/2024 00:00	3.907	3.907	3.907	3.907	0		
16/04/2024 00:00	3.911	3.911	3.911	3.911	0		
17/04/2024 00:00	3.908	3.908	3.908	3.908	0		
18/04/2024 00:00	3.909	3.909	3.909	3.909	0		
22/04/2024 00:00	3.91	3.91	3.91	3.91	0		
23/04/2024 00:00	3.908	3.908	3.908	3.908	0		
24/04/2024 00:00	3.911	3.911	3.911	3.911	0		
25/04/2024 00:00	3.909	3.909	3.909	3.909	0		
29/04/2024 00:00	3.906	3.906	3.906	3.906	0		
30/04/2024 00:00	3.889	3.889	3.889	3.889	0		
02/05/2024 00:00	3.91	3.91	3.91	3.91	0		
06/05/2024 00:00	3.909	3.909	3.909	3.909	0		
07/05/2024 00:00	3.906	3.906	3.906	3.906	0		
08/05/2024 00:00	3.905	3.905	3.905	3.905	0		
09/05/2024 00:00	3.901	3.901	3.901	3.901	0		
13/05/2024 00:00	3.907	3.907	3.907	3.907	0		
14/05/2024 00:00	3.907	3.907	3.907	3.907	0		
15/05/2024 00:00	3.908	3.908	3.908	3.908	0		
16/05/2024 00:00	3.904	3.904	3.904	3.904	0		
20/05/2024 00:00	3.904	3.904	3.904	3.904	0		
21/05/2024 00:00	3.912	3.912	3.912	3.912	0		
22/05/2024 00:00	3.91	3.91	3.91	3.91	0		
23/05/2024 00:00	3.912	3.912	3.912	3.912	0		
27/05/2024 00:00	3.911	3.911	3.911	3.911	0		
28/05/2024 00:00	3.909	3.909	3.909	3.909	0		
29/05/2024 00:00	3.909	3.909	3.909	3.909	0		
30/05/2024 00:00	3.91	3.91	3.91	3.91	0		
03/06/2024 00:00	3.913	3.913	3.913	3.913	0		
04/06/2024 00:00	3.911	3.911	3.911	3.911	0		
05/06/2024 00:00	3.913	3.913	3.913	3.913	0		
06/06/2024 00:00	3.911	3.911	3.911	3.911	0		
10/06/2024 00:00	3.912	3.912	3.912	3.912	0		
11/06/2024 00:00	3.909	3.909	3.909	3.909	0		
12/06/2024 00:00	3.662	3.662	3.662	3.662	0		
13/06/2024 00:00	3.661	3.661	3.661	3.661	0		
17/06/2024 00:00	3.662	3.662	3.662	3.662	0		
18/06/2024 00:00	3.666	3.666	3.666	3.666	0		
19/06/2024 00:00	3.663	3.663	3.663	3.663	0		
20/06/2024 00:00	3.663	3.663	3.663	3.663	0		
24/06/2024 00:00	3.663	3.663	3.663	3.663	0		
25/06/2024 00:00	3.663	3.663	3.663	3.663	0		
26/06/2024 00:00	3.661	3.661	3.661	3.661	0		
27/06/2024 00:00	3.662	3.662	3.662	3.662	0		
01/07/2024 00:00	3.665	3.665	3.665	3.665	0		
02/07/2024 00:00	3.662	3.662	3.662	3.662	0		
03/07/2024 00:00	3.663	3.663	3.663	3.663	0		
04/07/2024 00:00	3.663	3.663	3.663	3.663	0		
08/07/2024 00:00	3.662	3.662	3.662	3.662	0		
09/07/2024 00:00	3.662	3.662	3.662	3.662	0		
10/07/2024 00:00	3.663	3.663	3.663	3.663	0		
11/07/2024 00:00	3.662	3.662	3.662	3.662	0		
15/07/2024 00:00	3.661	3.661	3.661	3.661	0		
16/07/2024 00:00	3.662	3.662	3.662	3.662	0		
17/07/2024 00:00	3.662	3.662	3.662	3.662	0		
18/07/2024 00:00	3.663	3.663	3.663	3.663	0		
22/07/2024 00:00	3.664	3.664	3.664	3.664	0		
23/07/2024 00:00	3.665	3.665	3.665	3.665	0		
24/07/2024 00:00	3.665	3.665	3.665	3.665	0		
25/07/2024 00:00	3.665	3.665	3.665	3.665	0		
29/07/2024 00:00	3.663	3.663	3.663	3.663	0		
30/07/2024 00:00	3.665	3.665	3.665	3.665	0		
31/07/2024 00:00	3.653	3.653	3.653	3.653	0		
01/08/2024 00:00	3.664	3.664	3.664	3.664	0		
05/08/2024 00:00	3.664	3.664	3.664	3.664	0		
06/08/2024 00:00	3.663	3.663	3.663	3.663	0		
07/08/2024 00:00	3.663	3.663	3.663	3.663	0		
08/08/2024 00:00	3.665	3.665	3.665	3.665	0		
12/08/2024 00:00	3.664	3.664	3.664	3.664	0		
13/08/2024 00:00	3.664	3.664	3.664	3.664	0		
14/08/2024 00:00	3.662	3.662	3.662	3.662	0		
15/08/2024 00:00	3.662	3.662	3.662	3.662	0		
19/08/2024 00:00	3.664	3.664	3.664	3.664	0		
20/08/2024 00:00	3.664	3.664	3.664	3.664	0		
21/08/2024 00:00	3.663	3.663	3.663	3.663	0		
22/08/2024 00:00	3.664	3.664	3.664	3.664	0		
26/08/2024 00:00	3.665	3.665	3.665	3.665	0		
27/08/2024 00:00	3.665	3.665	3.665	3.665	0		
28/08/2024 00:00	3.666	3.666	3.666	3.666	0		
29/08/2024 00:00	3.664	3.664	3.664	3.664	0		
02/09/2024 00:00	3.664	3.664	3.664	3.664	0		
03/09/2024 00:00	3.663	3.663	3.663	3.663	0		
04/09/2024 00:00	3.663	3.663	3.663	3.663	0		
05/09/2024 00:00	3.662	3.662	3.662	3.662	0		
09/09/2024 00:00	3.663	3.663	3.663	3.663	0		
10/09/2024 00:00	3.664	3.664	3.664	3.664	0		
11/09/2024 00:00	3.664	3.664	3.664	3.664	0		
12/09/2024 00:00	3.664	3.664	3.664	3.664	0		
16/09/2024 00:00	3.662	3.662	3.662	3.662	0		
17/09/2024 00:00	3.665	3.665	3.665	3.665	0		
18/09/2024 00:00	3.416	3.416	3.416	3.416	0		
19/09/2024 00:00	3.414	3.414	3.414	3.414	0		
23/09/2024 00:00	3.414	3.414	3.414	3.414	0		
24/09/2024 00:00	3.415	3.415	3.415	3.415	0		
25/09/2024 00:00	3.416	3.416	3.416	3.416	0		
26/09/2024 00:00	3.415	3.415	3.415	3.415	0		
30/09/2024 00:00	3.41	3.41	3.41	3.41	0		
01/10/2024 00:00	3.416	3.416	3.416	3.416	0		
02/10/2024 00:00	3.41	3.41	3.41	3.41	0		
03/10/2024 00:00	3.407	3.407	3.407	3.407	0		
07/10/2024 00:00	3.413	3.413	3.413	3.413	0		
08/10/2024 00:00	3.414	3.414	3.414	3.414	0		
09/10/2024 00:00	3.415	3.415	3.415	3.415	0		
10/10/2024 00:00	3.414	3.414	3.414	3.414	0		
14/10/2024 00:00	3.413	3.413	3.413	3.413	0		
15/10/2024 00:00	3.413	3.413	3.413	3.413	0		
16/10/2024 00:00	3.414	3.414	3.414	3.414	0		
17/10/2024 00:00	3.415	3.415	3.415	3.415	0		
21/10/2024 00:00	3.415	3.415	3.415	3.415	0		
22/10/2024 00:00	3.416	3.416	3.416	3.416	0		
23/10/2024 00:00	3.166	3.166	3.166	3.166	0		
24/10/2024 00:00	3.166	3.166	3.166	3.166	0		
28/10/2024 00:00	3.164	3.164	3.164	3.164	0		
29/10/2024 00:00	3.164	3.164	3.164	3.164	0		
30/10/2024 00:00	3.165	3.165	3.165	3.165	0		
31/10/2024 00:00	3.155	3.155	3.155	3.155	0		
04/11/2024 00:00	3.163	3.163	3.163	3.163	0		
05/11/2024 00:00	3.163	3.163	3.163	3.163	0		
06/11/2024 00:00	3.162	3.162	3.162	3.162	0		
07/11/2024 00:00	3.163	3.163	3.163	3.163	0		
11/11/2024 00:00	3.162	3.162	3.162	3.162	0		
12/11/2024 00:00	3.163	3.163	3.163	3.163	0		
13/11/2024 00:00	3.164	3.164	3.164	3.164	0		
14/11/2024 00:00	3.165	3.165	3.165	3.165	0		
18/11/2024 00:00	3.165	3.165	3.165	3.165	0		
19/11/2024 00:00	3.166	3.166	3.166	3.166	0		
20/11/2024 00:00	3.167	3.167	3.167	3.167	0		
21/11/2024 00:00	3.167	3.167	3.167	3.167	0		
25/11/2024 00:00	3.167	3.167	3.167	3.167	0		
26/11/2024 00:00	3.165	3.165	3.165	3.165	0		
27/11/2024 00:00	3.165	3.165	3.165	3.165	0		
28/11/2024 00:00	3.164	3.164	3.164	3.164	0		
02/12/2024 00:00	3.165	3.165	3.165	3.165	0		
03/12/2024 00:00	3.164	3.164	3.164	3.164	0		
04/12/2024 00:00	3.165	3.165	3.165	3.165	0		
05/12/2024 00:00	3.165	3.165	3.165	3.165	0		
09/12/2024 00:00	3.164	3.164	3.164	3.164	0		
10/12/2024 00:00	3.163	3.163	3.163	3.163	0		
11/12/2024 00:00	3.164	3.164	3.164	3.164	0		
12/12/2024 00:00	3.164	3.164	3.164	3.164	0		
16/12/2024 00:00	3.165	3.165	3.165	3.165	0		
17/12/2024 00:00	3.164	3.164	3.164	3.164	0		
18/12/2024 00:00	2.917	2.917	2.917	2.917	0		
19/12/2024 00:00	2.919	2.919	2.919	2.919	0		
23/12/2024 00:00	2.911	2.911	2.911	2.911	0		
30/12/2024 00:00	2.915	2.915	2.915	2.915	0		
31/12/2024 00:00	2.905	2.905	2.905	2.905	0		
02/01/2025 00:00	2.92	2.92	2.92	2.92	0		
06/01/2025 00:00	2.917	2.917	2.917	2.917	0		
07/01/2025 00:00	2.918	2.918	2.918	2.918	0		
08/01/2025 00:00	2.917	2.917	2.917	2.917	0		
09/01/2025 00:00	2.92	2.92	2.92	2.92	0		
13/01/2025 00:00	2.918	2.918	2.918	2.918	0		
14/01/2025 00:00	2.919	2.919	2.919	2.919	0		
15/01/2025 00:00	2.92	2.92	2.92	2.92	0		
16/01/2025 00:00	2.92	2.92	2.92	2.92	0		
20/01/2025 00:00	2.919	2.919	2.919	2.919	0		
21/01/2025 00:00	2.921	2.921	2.921	2.921	0		
22/01/2025 00:00	2.92	2.92	2.92	2.92	0		
23/01/2025 00:00	2.922	2.922	2.922	2.922	0		
27/01/2025 00:00	2.921	2.921	2.921	2.921	0		
28/01/2025 00:00	2.921	2.921	2.921	2.921	0		
29/01/2025 00:00	2.923	2.923	2.923	2.923	0		
30/01/2025 00:00	2.923	2.923	2.923	2.923	0		
03/02/2025 00:00	2.918	2.918	2.918	2.918	0		
04/02/2025 00:00	2.917	2.917	2.917	2.917	0		
05/02/2025 00:00	2.666	2.666	2.666	2.666	0		
06/02/2025 00:00	2.669	2.669	2.669	2.669	0		
10/02/2025 00:00	2.664	2.664	2.664	2.664	0		
11/02/2025 00:00	2.666	2.666	2.666	2.666	0		
12/02/2025 00:00	2.665	2.665	2.665	2.665	0		
13/02/2025 00:00	2.667	2.667	2.667	2.667	0		
17/02/2025 00:00	2.665	2.665	2.665	2.665	0		
18/02/2025 00:00	2.666	2.666	2.666	2.666	0		
19/02/2025 00:00	2.665	2.665	2.665	2.665	0		
20/02/2025 00:00	2.667	2.667	2.667	2.667	0		
24/02/2025 00:00	2.666	2.666	2.666	2.666	0		
25/02/2025 00:00	2.666	2.666	2.666	2.666	0		
26/02/2025 00:00	2.665	2.665	2.665	2.665	0		
27/02/2025 00:00	2.666	2.666	2.666	2.666	0		
03/03/2025 00:00	2.663	2.663	2.663	2.663	0		
04/03/2025 00:00	2.664	2.664	2.664	2.664	0		
05/03/2025 00:00	2.664	2.664	2.664	2.664	0		
06/03/2025 00:00	2.666	2.666	2.666	2.666	0		
10/03/2025 00:00	2.663	2.663	2.663	2.663	0		
11/03/2025 00:00	2.663	2.663	2.663	2.663	0		
12/03/2025 00:00	2.412	2.412	2.412	2.412	0		
13/03/2025 00:00	2.413	2.413	2.413	2.413	0		
17/03/2025 00:00	2.417	2.417	2.417	2.417	0		
18/03/2025 00:00	2.417	2.417	2.417	2.417	0		
19/03/2025 00:00	2.416	2.416	2.416	2.416	0		
20/03/2025 00:00	2.417	2.417	2.417	2.417	0		
24/03/2025 00:00	2.418	2.418	2.418	2.418	0		
25/03/2025 00:00	2.418	2.418	2.418	2.418	0		
26/03/2025 00:00	2.417	2.417	2.417	2.417	0		
27/03/2025 00:00	2.417	2.417	2.417	2.417	0		
31/03/2025 00:00	2.415	2.415	2.415	2.415	0		
01/04/2025 00:00	2.42	2.42	2.42	2.42	0		
02/04/2025 00:00	2.417	2.417	2.417	2.417	0		
03/04/2025 00:00	2.416	2.416	2.416	2.416	0		
07/04/2025 00:00	2.414	2.414	2.414	2.414	0		
08/04/2025 00:00	2.415	2.415	2.415	2.415	0		
09/04/2025 00:00	2.415	2.415	2.415	2.415	0		
10/04/2025 00:00	2.416	2.416	2.416	2.416	0		
14/04/2025 00:00	2.417	2.417	2.417	2.417	0		
15/04/2025 00:00	2.416	2.416	2.416	2.416	0		
16/04/2025 00:00	2.418	2.418	2.418	2.418	0		
22/04/2025 00:00	2.417	2.417	2.417	2.417	0		
23/04/2025 00:00	2.167	2.167	2.167	2.167	0		
24/04/2025 00:00	2.169	2.169	2.169	2.169	0		
28/04/2025 00:00	2.167	2.167	2.167	2.167	0		
29/04/2025 00:00	2.167	2.167	2.167	2.167	0		
30/04/2025 00:00	2.156	2.156	2.156	2.156	0		
05/05/2025 00:00	2.167	2.167	2.167	2.167	0		
06/05/2025 00:00	2.167	2.167	2.167	2.167	0		
07/05/2025 00:00	2.169	2.169	2.169	2.169	0		
08/05/2025 00:00	2.171	2.171	2.171	2.171	0		
12/05/2025 00:00	2.17	2.17	2.17	2.17	0		
13/05/2025 00:00	2.172	2.172	2.172	2.172	0		
14/05/2025 00:00	2.172	2.172	2.172	2.172	0		
15/05/2025 00:00	2.172	2.172	2.172	2.172	0		
19/05/2025 00:00	2.171	2.171	2.171	2.171	0		
20/05/2025 00:00	2.172	2.172	2.172	2.172	0		
21/05/2025 00:00	2.169	2.169	2.169	2.169	0		
22/05/2025 00:00	2.173	2.173	2.173	2.173	0		
26/05/2025 00:00	2.168	2.168	2.168	2.168	0		
27/05/2025 00:00	2.172	2.172	2.172	2.172	0		
28/05/2025 00:00	2.167	2.167	2.167	2.167	0		
29/05/2025 00:00	2.161	2.161	2.161	2.161	0		
02/06/2025 00:00	2.172	2.172	2.172	2.172	0		
03/06/2025 00:00	2.172	2.172	2.172	2.172	0		
04/06/2025 00:00	2.173	2.173	2.173	2.173	0		
05/06/2025 00:00	2.174	2.174	2.174	2.174	0		
09/06/2025 00:00	2.17	2.17	2.17	2.17	0		
10/06/2025 00:00	2.174	2.174	2.174	2.174	0		
11/06/2025 00:00	1.924	1.924	1.924	1.924	0		
12/06/2025 00:00	1.923	1.923	1.923	1.923	0		
16/06/2025 00:00	1.924	1.924	1.924	1.924	0		
17/06/2025 00:00	1.924	1.924	1.924	1.924	0		
18/06/2025 00:00	1.922	1.922	1.922	1.922	0		
19/06/2025 00:00	1.917	1.917	1.917	1.917	0		
23/06/2025 00:00	1.925	1.925	1.925	1.925	0		
24/06/2025 00:00	1.926	1.926	1.926	1.926	0		
25/06/2025 00:00	1.925	1.925	1.925	1.925	0		
26/06/2025 00:00	1.929	1.929	1.929	1.929	0		
30/06/2025 00:00	1.921	1.921	1.921	1.921	0		
01/07/2025 00:00	1.921	1.921	1.921	1.921	0		
02/07/2025 00:00	1.923	1.923	1.923	1.923	0		
03/07/2025 00:00	1.922	1.922	1.922	1.922	0		
07/07/2025 00:00	1.92	1.92	1.92	1.92	0		
08/07/2025 00:00	1.919	1.919	1.919	1.919	0		
09/07/2025 00:00	1.919	1.919	1.919	1.919	0		
10/07/2025 00:00	1.921	1.921	1.921	1.921	0		
14/07/2025 00:00	1.923	1.923	1.923	1.923	0		
15/07/2025 00:00	1.922	1.922	1.922	1.922	0		
16/07/2025 00:00	1.923	1.923	1.923	1.923	0		
17/07/2025 00:00	1.925	1.925	1.925	1.925	0		
21/07/2025 00:00	1.924	1.924	1.924	1.924	0		
22/07/2025 00:00	1.923	1.923	1.923	1.923	0		
23/07/2025 00:00	1.924	1.924	1.924	1.924	0		
24/07/2025 00:00	1.924	1.924	1.924	1.924	0		
